   20.9048|12.8613|14.2534|11.7068| 2.5466

   21.7749| 5.7902| 5.9728| 5.5274| 0.4454

   22.7348|12.5704|13.8395|11.4681| 2.3714

   23.1073| 6.9900| 7.2750| 6.5948| 0.6802

   19.9767| 5.6432| 5.7986| 5.4308| 0.3678

   19.8813| 8.6391| 9.0353| 8.1165| 0.9188

   22.1429| 5.1945| 5.3468| 4.9961| 0.3508

   20.6700| 7.2236| 7.5160| 6.8228| 0.6931

   20.9216|15.0873|16.8626|13.7891| 3.0735

   21.7437|12.1438|13.3008|11.0908| 2.2100

   21.3785|16.3645|18.5613|14.9760| 3.5853

   20.4341| 5.5638| 5.7264| 5.3403| 0.3861

   19.5922| 6.8393| 7.0878| 6.4881| 0.5998

   18.2821| 9.9678|10.5272| 9.2911| 1.2361

   21.6697| 4.7245| 4.8523| 4.6281| 0.2242

   22.3984| 6.6269| 6.8801| 6.2792| 0.6009

   19.5031|14.2297|15.8858|12.9810| 2.9048

   20.9161|15.8454|17.8579|14.4956| 3.3623

   20.1355| 9.2268| 9.8204| 8.5146| 1.3058

   18.8687|17.6474|20.2057|16.1685| 4.0373

   22.8329|10.1988|10.9092| 9.4110| 1.4982

   17.3052|15.0707|16.9926|13.7425| 3.2501

   21.6190|15.5886|17.5385|14.2572| 3.2813

   17.4268|14.0238|15.5353|12.8204| 2.7149

   23.7704| 8.6345| 9.0861| 8.0663| 1.0198

   25.9589|12.9785|14.5312|11.7731| 2.7581

   20.0808| 5.3079| 5.4592| 5.1245| 0.3348

   23.6637|15.5019|17.6106|14.1260| 3.4846

   23.5273|14.1016|15.8586|12.8167| 3.0419

   28.1664|14.6101|16.5023|13.3003| 3.2020

   18.3831|14.5489|16.1639|13.3141| 2.8498

   19.5330|14.8284|16.6169|13.5425| 3.0743

   19.7456|17.5180|20.0220|16.0373| 3.9847

   22.0371|14.4040|16.1328|13.1386| 2.9942

   22.6374| 4.1884| 4.3125| 4.1403| 0.1722

   20.5500|13.7638|15.3093|12.5559| 2.7533

   23.0900|12.4582|13.7365|11.3470| 2.3894

   19.8997|15.2501|17.0589|13.9594| 3.0995

   18.5157| 9.1599| 9.7035| 8.4638| 1.2397
   
   21.8282| 7.8825| 8.2327| 7.4113| 0.8214

   24.5287|17.0860|19.6062|15.5999| 4.0063

   21.0455| 9.1897| 9.6719| 8.5801| 1.0918

   23.5089|13.1240|14.5754|11.9483| 2.6271

   21.2620| 8.4149| 8.8054| 7.8987| 0.9067

   26.7469|14.7741|16.6516|13.4634| 3.1882

   23.2041|13.9770|15.6791|12.7193| 2.9598

   16.9581|14.3690|15.9064|13.1586| 2.7479

   22.7710|15.9696|18.3358|14.5552| 3.7806

   17.0305|15.2385|17.1094|13.9194| 3.1899

   22.8762|15.1415|16.9586|13.8431| 3.1155

   26.9682| 9.1479| 9.7135| 8.4709| 1.2426

   28.1095|15.6664|17.8136|14.2925| 3.5211

   27.7505|12.7925|14.3220|11.5858| 2.7362

   24.0133|12.7571|14.1353|11.6099| 2.5254

   17.8768|10.9614|11.7393|10.1322| 1.6071

   18.1537|10.3031|10.9249| 9.5808| 1.3441

   21.8751|14.7292|16.4624|13.4592| 3.0032

   21.8308| 9.0302| 9.4985| 8.4438| 1.0547

   17.6326|15.9120|17.9780|14.5536| 3.4243

   18.7249|14.5238|16.3450|13.2360| 3.1090

   21.7763|13.8659|15.5968|12.6027| 2.9942

   21.2944| 8.2700| 8.6484| 7.7627| 0.8856

   25.4681|11.8943|13.0596|10.8410| 2.2186

   18.9599|13.7423|15.2391|12.5465| 2.6927

   23.0083|14.9969|16.8570|13.7016| 3.1554

   17.1042|16.6315|18.7487|15.2520| 3.4967

   23.2414|15.5444|17.5354|14.2032| 3.3323

   23.0602|15.5282|17.6879|14.1476| 3.5403

   20.3922|13.0102|14.3148|11.8858| 2.4291

   24.4643| 9.7878|10.4464| 9.0426| 1.4038

   18.7979| 5.3656| 5.5091| 5.1862| 0.3229

   21.4650|18.0279|21.1157|16.4487| 4.6670

   19.1856|11.9553|13.0017|10.9569| 2.0448

   20.6941|10.8978|11.7275|10.0360| 1.6915

   16.3214|16.2070|17.5639|14.1680| 3.3959
   16.2840|16.1709|17.5643|14.2151| 3.3492

   16.2840|16.1709|17.5643|14.2151| 3.3492
   16.3214|16.2070|17.5639|14.1680| 3.3959

   20.7535|11.6488|12.6634|10.6793| 1.9841

   24.5131|10.9818|11.9351|10.0541| 1.8809

   21.0750| 7.5556| 7.9430| 7.0443| 0.8987

   16.2156| 7.7601| 8.0417| 7.3630| 0.6787

   18.8335|15.3193|17.2275|13.9962| 3.2313

   20.2409|10.1761|10.8293| 9.4346| 1.3947

   19.8255|14.7862|16.5618|13.5066| 3.0552

   21.4652| 8.8775| 9.3283| 8.3046| 1.0237

   20.8276|10.9300|11.7747|10.0589| 1.7159

   20.8955|11.4665|12.4257|10.5179| 1.9078

   20.3308| 8.2900| 8.6625| 7.7902| 0.8722

   21.2126|14.7789|16.5335|13.5033| 3.0302

   20.8873|14.7125|

   19.0632|13.7718|15.2804|12.5653| 2.7150

   25.1354|13.9349|15.5845|12.6962| 2.8882

   20.8168|15.1721|16.9624|13.8830| 3.0793

   18.1579|13.4658|14.8308|12.3198| 2.5111

   20.5688|15.1583|17.0095|13.8597| 3.1498

   21.4044|16.3927|18.5961|15.0101| 3.5860

   17.0001|13.0145|14.2444|11.9251| 2.3193

   20.7561| 8.3399| 8.7234| 7.8289| 0.8945

   18.6976|12.0395|13.0756|11.0453| 2.0303

   19.4949|14.9426|16.8637|13.6239| 3.2398

   19.7625|15.7426|17.6427|14.4290| 3.2137

   18.7320|14.5133|16.1369|13.2804| 2.8564

   18.6814|12.6596|
   18.8345|12.5783|13.5515|11.2370| 2.3145

   18.8345|12.5783|13.5515|11.2370| 2.3145
   18.6814|12.6596|

   21.8450|10.4992|11.2624| 9.6786| 1.5838

   22.2755| 4.1479| 4.3679| 3.9828| 0.3852

   21.4871| 4.1131| 4.2604| 4.0612| 0.1992

   23.2210|13.8449|15.4603|12.6069| 2.8534

   21.0017|13.2215|14.7697|12.0113| 2.7584

   19.1208|14.9946|16.7429|13.7158| 3.0271

   19.7313|14.2186|15.9061|12.9634| 2.9426

   21.3991| 8.0981| 8.5195| 7.5505| 0.9690

   19.9402|15.3779|15.3023|15.4604|-0.1581

   24.9168|10.8189|11.7192| 9.9127| 1.8065

   20.9551|13.9988|15.5343|12.7935| 2.7409

   22.9656|16.5943|18.7230|15.1654| 3.5576

   21.6041|13.7801|15.3842|12.5517| 2.8326

   19.0381|10.1200|10.7355| 9.4113| 1.3242

   23.1750|13.7657|15.3633|12.5361| 2.8272

   20.9860|17.3465|19.8060|15.8695| 3.9366

   22.4590|13.0938|14.6668|11.8797| 2.7871

   23.3568|15.9795|18.0698|14.6229| 3.4469

   22.4606|14.8195|16.5666|13.5462| 3.0205

   16.5106|15.8789|17.7145|14.5674| 3.1472

   16.4331|15.9436|17.7889|14.6337| 3.1553

   23.5480|13.0269|14.4755|11.8502| 2.6254

   23.1506|10.6808|11.5022| 9.8209| 1.6813

   16.2910|15.3926|17.1867|14.1031| 3.0836

   18.9259|14.0467|15.6215|12.8271| 2.7945

   24.2315|12.2463|13.4761|11.1603| 2.3158

   18.7638|12.6848|13.9046|11.5916| 2.3130

   20.7545|14.0823|
   20.8017|13.9549|15.3538|12.4614| 2.8924

   20.8017|13.9549|15.3538|12.4614| 2.8924
   20.7545|14.0823|

   20.7831|14.1456|15.8390|12.8866| 2.9523

   20.3002|16.1477|18.2579|14.7706| 3.4873

   16.1165|12.7474|13.8971|11.6982| 2.1989

   20.4856| 6.6708| 6.9139| 6.3304| 0.5835

   22.2516|13.4615|15.1038|12.2201| 2.8837

   22.6816|16.0224|17.4564|14.0262| 3.4302
   23.2024|16.1007|

   20.8290| 7.6350| 8.0143| 7.1402| 0.8741

   23.2024|16.1007|
   22.6816|16.0224|17.4564|14.0262| 3.4302

   20.3628|17.9654|20.6556|16.4408| 4.2147

   20.2595|17.2691|19.7216|15.8045| 3.9171

   21.4447|17.7614|20.3332|16.2263| 4.1070

   23.3705|16.8567|19.2971|15.4099| 3.8872

   18.1675|16.5607|18.6399|15.1859| 3.4540

   19.9954|13.6241|15.3334|12.3655| 2.9680

   17.4560|10.7626|11.4641| 9.9829| 1.4812

   17.2019|11.8603|12.8037|10.9201| 1.8836

   17.7991| 8.8400| 9.2420| 8.3194| 0.9227

   22.2126|14.6979|16.4772|13.4193| 3.0579

   18.3681|15.2679|17.0760|13.9790| 3.0971

   22.4898|10.5727|11.3644| 9.7323| 1.6321

   22.0889|13.3366|14.8373|12.1409| 2.6963

   24.6316|12.0763|13.2776|11.0058| 2.2718

   16.8855|15.6134|17.6341|14.2520| 3.3820

   21.0978|13.5224|15.0352|12.3251| 2.7101

   18.3572|10.8525|11.5950|10.0427| 1.5524

   21.9147|15.6883|17.6676|14.3528| 3.3147

   22.7651|17.2777|19.9760|15.8129| 4.1632

   20.7947| 9.2771| 9.8175| 8.6209| 1.1966

   19.5708| 8.9230| 9.3497| 8.3711| 0.9786

   20.6594|16.3241|18.4598|14.9372| 3.5226

   22.8673|13.0174|14.4284|11.8586| 2.5698

   22.4864|15.0748|16.9617|13.7683| 3.1934

   22.4503|16.2750|18.7582|14.8244| 3.9338

   20.2298|13.8152|15.3551|12.6042| 2.7509

   22.8213|11.9711|13.1250|10.9285| 2.1965

   20.9248| 7.2738| 7.5675| 6.8676| 0.6998

   21.3737|13.0953|14.5613|11.9154| 2.6458

   21.8965| 8.8535| 9.3082| 8.2789| 1.0293

   22.0357| 4.7065| 4.8396| 4.6072| 0.2324

   18.7537|14.3259|15.9098|13.1013| 2.8084

   22.2089|11.2461|12.2158|10.3108| 1.9050

   20.8354| 3.3066| 3.6490| 3.2020| 0.4470

   23.6355|10.5021|11.3221| 9.6474| 1.6747

   23.9767|12.0865|13.2789|11.0233| 2.2556

   21.5608| 7.3548| 7.7229| 6.8722| 0.8506

   20.6427| 6.6838| 6.9301| 6.3379| 0.5922

   21.4764| 9.5990|10.1551| 8.9337| 1.2215

   28.0576|12.6837|14.2550|11.4686| 2.7864

   21.0257| 7.6933| 8.0151| 7.2529| 0.7621

   21.7788|16.3035|18.5312|14.9250| 3.6062

   28.9111|15.5536|17.6973|14.1841| 3.5132

   17.0072|16.1931|18.1832|14.8548| 3.3283

   20.8378|18.7664|21.2561|17.1309| 4.1252

   18.3419|16.4140|18.2686|15.0372| 3.2314

   17.7076|15.9656|17.9776|14.6196| 3.3580

   17.6029|13.4997|14.7118|12.4157| 2.2961

   22.3061|11.1834|12.1375|10.2551| 1.8824

   19.0632| 3.4155| 4.0635| 2.9031| 1.1604

   21.3170|10.6079|11.3820| 9.7768| 1.6053

   23.2618|13.3622|14.0302|12.4452| 1.5850

   21.4034| 9.6451|10.2214| 8.9637| 1.2577

   21.2748| 6.7800| 7.0349| 6.4244| 0.6105

   20.9537|14.0090|15.5559|12.7136| 2.8423
   19.9002|16.5810|

   21.8394| 8.7310| 9.1641| 8.1726| 0.9915

   21.4310| 7.6858| 8.0159| 7.2421| 0.7738

   23.5846|12.9261|14.3065|11.7790| 2.5274

   22.1438|10.3911|11.1389| 9.5808| 1.5581

   20.7705|15.6138|17.8486|14.2241| 3.6245

   17.9024|17.2526|19.9973|15.7456| 4.2517

   16.1600|16.0659|17.9970|14.7399| 3.2571

   16.7453|15.2682|17.0153|13.9947| 3.0206

   22.1067|13.1555|14.6449|11.9608| 2.6841

   16.7377|16.0668|17.9767|14.7483| 3.2284

   18.4194| 4.5552| 4.6765| 4.4652| 0.2113

   19.3507|13.7824|15.3073|12.5776| 2.7297

   17.0733|14.5690|16.2044|13.3290| 2.8754

   25.5525|16.8926|19.5330|15.4306| 4.1024

   28.0007|13.6292|15.3080|12.3810| 2.9269

   19.7777|13.7734|15.2836|12.5758| 2.7077

   28.8139|13.4404|15.0876|12.2012| 2.8864

   19.9165|15.8017|17.8225|14.4503| 3.3722

   18.6041| 8.6200| 9.0057| 8.1114| 0.8943

   19.3367|16.3389|18.4455|14.9692| 3.4763

   17.3682|15.1932|16.9611|13.9143| 3.0468

   22.4688|13.5889|15.4022|12.3021| 3.1002

   24.6352|10.6892|11.5657| 9.7990| 1.7667

   22.2758|11.8137|13.1411|10.6915| 2.4496

   22.0060| 5.3106| 5.4671| 5.1156| 0.3515

   20.2471|13.8642|13.6692|14.1083|-0.4391

   22.4082|14.6767|16.4607|13.3975| 3.0632

   20.8168| 9.7745|10.3641| 9.0856| 1.2785

   21.1435|10.8339|11.6538| 9.9831| 1.6707

   18.7213|15.0700|16.8535|13.7854| 3.0681

   20.8003|14.7039|16.4414|13.4355| 3.0059

   20.7049|14.7957|16.2276|13.3818| 2.8459

   21.3841|13.8327|15.5209|12.5654| 2.9556

   24.5185|16.2097|18.4893|14.8061| 3.6831

   21.9475|17.7648|20.3413|16.2328| 4.1085

   20.8959|17.2986|19.7435|15.8315| 3.9120

   20.0466|15.0368|16.8176|13.7566| 3.0610

   20.3397|16.1781|17.8694|14.7019| 3.1675

   20.1905|16.1461|17.9721|14.5792| 3.3928

   20.3210|12.3374|13.6605|11.1986| 2.4619

   22.0515|14.3072|16.0318|13.0412| 2.9906

   19.1950|15.4148|17.2961|14.1120| 3.1841

   21.5626|15.8305|18.0880|14.4333| 3.6547

   23.7650|16.5006|18.7979|15.0908| 3.7071

   17.1870|13.9398|15.4333|12.7445| 2.6888

   22.0226| 7.3565| 7.6643| 6.9395| 0.7248

   21.0591|14.7013|16.6715|13.3728| 3.2987

   21.1400|14.2625|14.1216|14.4367|-0.3151

   23.8993| 9.3532|10.0357| 8.5907| 1.4450

   21.3126|16.2401|18.3789|14.8791| 3.4998

   24.7251|15.4965|17.5159|14.1561| 3.3598

   18.7494|11.2118|12.0816|10.3355| 1.7460

   21.9901|15.2252|16.9483|13.9055| 3.0427

   18.1690|15.1154|16.9296|13.8226| 3.1070

   18.2439|11.6331|12.5543|10.7120| 1.8423

   16.4284|16.0651|18.1601|14.6816| 3.4784

   22.6703| 4.5448| 4.7254| 4.3854| 0.3400

   21.8505|19.5637|21.3447|17.9017| 3.4430

   28.5984|12.6262|14.0403|11.4675| 2.5727

   20.8634|13.8578|15.4830|12.6141| 2.8689

   24.1743|14.1260|15.8017|12.8745| 2.9272

   19.2757|14.6745|16.3432|13.4230| 2.9202

   21.7460|13.6312|15.3497|12.3662| 2.9835

   21.5155| 6.9045| 7.1669| 6.5360| 0.6309

   21.2846|17.6215|20.1204|16.0588| 4.0616

   23.0683|14.8840|16.7664|13.5761| 3.1903

   20.4585|12.9901|14.3211|11.8583| 2.4628

   20.4416|13.6645|15.3615|12.4034| 2.9581

   18.1806| 7.0501| 7.3077| 6.6935| 0.6142

   20.3083|13.5863|15.0846|12.3880| 2.6966

   21.2369|14.6206|16.3922|13.3383| 3.0540

   21.1740|12.0232|13.1403|10.9897| 2.1506

   19.0033|12.4671|13.6284|11.4086| 2.2198

   20.6196|13.8314|15.4122|12.6088| 2.8034

   20.4472|12.9207|14.2997|11.7656| 2.5341

   23.9123|16.8481|19.3331|15.3940| 3.9391

   23.6429| 9.4771|10.0526| 8.7960| 1.2566

   23.6189|17.3953|20.0384|15.9145| 4.1239

   20.4374|12.1547|13.5469|10.9993| 2.5476

   19.4581|13.7909|15.2866|12.5949| 2.6917

   18.5410|14.2738|15.8376|13.0606| 2.7770

   
   23.0090| 6.2510| 6.4862| 5.9178| 0.5684

   19.6376|13.5166|15.0399|12.3107| 2.7292

   17.4914|15.7094|17.5390|14.4054| 3.1337

   21.5992| 7.3118| 7.6127| 6.8919| 0.7208
          |12.3504|

   25.1963|16.6672|19.3565|15.1567| 4.1998

   20.6270| 8.4304| 8.8226| 7.9145| 0.9081

   21.2076| 6.4867| 6.7227| 6.1570| 0.5656

   21.0518| 6.0326| 6.2844| 5.6835| 0.6010

   20.2965|13.5767|15.2572|12.3206| 2.9366

   20.2465| 9.2116| 9.6982| 8.5992| 1.0990

   20.7529|11.9911|13.0688|10.9757| 2.0931

   22.0060|15.1146|16.9272|13.8185| 3.1088

   23.1382|10.3621|11.1243| 9.5460| 1.5783

   21.8528| 5.6300| 5.8130| 5.3935| 0.4195

   21.0743|11.7703|12.8123|10.7272| 2.0850

   21.6753|11.2702|12.2261|10.3432| 1.8828

   20.5199| 6.4819| 6.7146| 6.1613| 0.5533

   21.9748| 5.4973| 5.6599| 5.2718| 0.3881

   22.2885|14.4919|16.2019|13.2339| 2.9679

   20.2898|14.3142|15.9562|13.0736| 2.8826

   20.5039|14.7424|16.5388|13.4569| 3.0818

   22.9368|14.2756|16.1090|12.9753| 3.1336

   20.8694|15.4810|17.3992|14.1519| 3.2473

   20.4722|17.6958|20.2267|16.1892| 4.0375

   18.2734|13.1880|14.7101|11.9785| 2.7316

   20.0816|15.0935|16.9033|13.8043| 3.0990

   18.5634|12.5535|13.7242|11.4897| 2.2345

   26.6636| 5.6065| 5.8130| 5.3306| 0.4824

   19.2068| 9.4461| 9.9384| 8.8343| 1.1041

   21.5958|18.9314|21.1199|17.2316| 3.8883

   16.7314|16.4602|18.4788|15.1210| 3.3578

   20.7338|14.3977|16.0786|13.1393| 2.9394

   19.4087|13.7601|15.2496|12.5698| 2.6798

   21.8667| 8.7474| 9.1892| 8.1852| 1.0040

   19.6740| 9.9323|10.5211| 9.2400| 1.2811

   19.9126| 9.1337| 9.5903| 8.5548| 1.0354

   20.9173|17.0498|19.3593|15.6045| 3.7548

   20.8945|16.7509|18.9934|15.3303| 3.6632

   20.9997|14.4147|16.0869|13.1640| 2.9229

   20.3091|13.6355|15.1631|12.4298| 2.7333

   22.6466|10.4887|11.4506| 9.5469| 1.9037

   21.7321|14.9320|14.8097|15.0060|-0.1963

   21.6691|11.5062|12.5128|10.5441| 1.9687

   25.7892|11.6959|12.9502|10.6029| 2.3473

   25.6350|12.0926|13.6115|10.8942| 2.7173

   22.1996|14.7530|16.6585|13.4437| 3.2148

   22.2932| 6.9656| 7.2522| 6.5802| 0.6720

   23.8761|14.3443|16.0811|13.0750| 3.0061

   23.5584|15.2020|15.1531|15.2573|-0.1042

   22.3207|13.5755|15.0706|12.3829| 2.6878

   21.6973|16.5616|18.8279|15.1547| 3.6732

   21.9615|16.6340|18.9922|15.2105| 3.7817

   21.7652| 7.9409| 8.2961| 7.4666| 0.8295

   20.8952|14.0749|13.9126|14.2880|-0.3755

   17.2930| 8.0680| 8.3853| 7.6287| 0.7565

   22.2272|14.3471|14.2188|14.5046|-0.2858

   21.1101|15.0283|16.8072|13.7434| 3.0637

   21.6657| 7.6564| 7.9800| 7.1996| 0.7804
          |11.5848|

   21.7102|11.7280|12.7876|10.7373| 2.0503

   18.2775|10.3517|10.9941| 9.6163| 1.3778

   20.0360|12.4409|13.6431|11.3647| 2.2784

   27.1816|15.3196|17.4024|13.9644| 3.4380

   22.9172|13.4246|15.0077|12.2059| 2.8018

   20.1905|17.3620|19.8836|15.9066| 3.9770

   18.3137| 8.6996| 9.0889| 8.1907| 0.8982

   18.2623|15.0157|16.7292|13.7519| 2.9773

   20.0245|15.2612|17.1220|13.9565| 3.1655

   16.3305|13.5658|15.1030|12.3545| 2.7485

   17.7136|10.4866|11.1554| 9.7344| 1.4210

   19.6192|14.9304|16.7952|13.6337| 3.1615

   22.7887|13.6415|15.2256|12.4153| 2.8103

   20.9401|14.5291|15.9957|12.8021| 3.1936
   21.5317|14.5596|15.6829|12.7492| 2.9337

   21.3794|13.7666|15.3188|12.5561| 2.7627

   19.1267|10.2921|11.0605| 9.4553| 1.6052

   20.5577| 9.1525| 9.6233| 8.5592| 1.0640

   18.6844|13.5369|14.9128|12.2383| 2.6745
          |14.7430|

   18.2072|12.0873|13.1423|11.0901| 2.0523

   18.2713|13.5517|14.9906|12.3818| 2.6088

   21.0390|13.7984|15.3947|12.5679| 2.8268

   22.7308| 5.9712| 6.1831| 5.6791| 0.5040

   21.3508|14.6078|16.4444|13.3091| 3.1353

   19.8037| 7.1521| 7.4248| 6.7688| 0.6560

   20.1040|15.3210|17.3499|13.9827| 3.3673

   18.4343|15.9524|18.1117|14.5662| 3.5455

   19.9555|12.9133|14.2809|11.7715| 2.5094

   15.8182|14.4115|
   16.1058|13.9754|14.9895|12.2743| 2.7152

   23.7480|12.3146|13.5475|11.2228| 2.3246

   22.2142|12.5638|13.8325|11.4595| 2.3730

   20.9221|10.2693|10.9585| 9.5020| 1.4565

   24.1260|13.9840|15.6770|12.7209| 2.9561

   16.8497|10.8545|11.5649|10.0655| 1.4995

   19.6336|11.9179|13.2126|10.8050| 2.4075

   24.7099|16.1685|18.4662|14.7669| 3.6993

   20.5156|12.9710|14.3183|11.8344| 2.4839

   19.1120| 9.4072| 9.8935| 8.8011| 1.0924

   21.1180|16.1173|18.2579|14.7375| 3.5204

   24.4682|15.2234|17.1829|13.8983| 3.2845

   21.2899| 8.4688| 8.8610| 7.9487| 0.9123

   21.0064|13.2078|14.6109|12.0481| 2.5628

   21.3323|11.5523|12.5584|10.5934| 1.9650

   21.8854|11.2635|12.2448|10.3253| 1.9196

   22.4830|12.9643|14.4631|11.7752| 2.6879

   21.3558| 5.4102| 5.5468| 5.2251| 0.3217

   21.8367|10.4983|11.2592| 9.6800| 1.5792

   21.5765| 7.7725| 8.1101| 7.3170| 0.7931

   23.8055|16.2690|18.5393|14.8778| 3.6614

   19.4093|15.1309|
   19.8846|15.0217|16.6934|13.4403| 3.2532

   19.8846|15.0217|16.6934|13.4403| 3.2532
   19.4093|15.1309|

   19.6187|14.6971|16.3874|13.4373| 2.9501

   23.1778|12.2633|13.5130|11.1729| 2.3401

   21.6937| 6.5010| 6.7443| 6.1633| 0.5809

   21.3742|10.5092|11.3309| 9.6427| 1.6881

   21.3397|13.7291|15.3587|12.4874| 2.8713

   21.0395|13.4741|15.0206|12.2647| 2.7558

   24.6475|12.8414|14.3188|11.6577| 2.6611

   20.4819|15.4104|17.2774|14.1049| 3.1725

   23.8024|18.7508|20.9841|17.1624| 3.8217

   24.0527|15.0389|14.9842|15.1117|-0.1275

   16.8291|15.4810|17.2496|14.1993| 3.0503

   20.9613|13.0000|14.3688|11.8589| 2.5099

   21.4079|12.7156|14.2192|11.5208| 2.6985

   21.9244|11.1962|12.1359|10.2842| 1.8516

   20.8956|10.3486|11.0511| 9.5706| 1.4805

   16.9481|10.7970|11.5042|10.0140| 1.4901

   21.8520|14.6201|16.3717|13.3458| 3.0259

   18.8865|11.9492|12.9462|10.8944| 2.0518

   19.7589|14.0119|15.5832|12.7943| 2.7889

   16.1197|13.7053|15.0604|12.5610| 2.4995

   20.6840|17.4123|19.9249|15.9359| 3.9890

   21.5337| 5.8677| 6.0847| 5.5607| 0.5240

   21.2120|15.1613|16.9334|13.8790| 3.0544

   20.5887| 4.9512| 5.0910| 4.8154| 0.2756

   20.5066|14.9184|16.7803|13.6075| 3.1728

   20.7793|10.0837|10.7378| 9.3482| 1.3896

   22.8896| 9.6591|10.2530| 8.9617| 1.2913

   22.7192|13.9389|15.5133|12.7192| 2.7941

   21.3470| 5.3265| 5.4836| 5.1237| 0.3599

   20.7613| 8.8313| 9.2646| 8.2648| 0.9998

   24.1107|12.8505|14.4853|11.6103| 2.8750

   24.9772|14.4952|16.3028|13.2078| 3.0950

   24.2199|15.2415|17.1891|13.9185| 3.2706

   22.7540|15.3736|17.2776|14.0567| 3.2209

   19.4334|10.8910|11.8570| 9.9477| 1.9093

   20.8797|11.8375|12.9047|10.8329| 2.0718

   19.1369|15.9311|17.8403|14.5719| 3.2684

   19.1603|13.9718|15.4712|12.7800| 2.6912

   16.5714|14.2687|15.8302|13.0423| 2.7879

   19.0398|12.9586|14.4712|11.7645| 2.7067

   23.1368|12.2740|13.5578|11.1593| 2.3985

   23.3627|13.8213|15.2643|12.5407| 2.7236

   24.7718|13.6240|15.2218|12.4001| 2.8217

   27.7687| 9.6289|10.3076| 8.8690| 1.4386

   24.3995| 8.7348| 9.2120| 8.1426| 1.0694

   23.0897| 5.8683| 6.0653| 5.5897| 0.4756

   20.9569| 9.2004| 9.6780| 8.5906| 1.0874

   20.8170|14.1818|16.0030|12.8890| 3.1140

   16.3282| 9.4687| 9.9137| 8.8995| 1.0142

   20.5870| 7.5825| 7.8947| 7.1572| 0.7375

   27.6385|15.0561|16.9664|13.7363| 3.2301

   27.5803|13.7336|15.3471|12.5019| 2.8452

   25.5003|13.6788|15.3561|12.4284| 2.9277

   21.0869|13.6459|15.3627|12.3773| 2.9854

   27.3750|10.2402|11.0644| 9.3809| 1.6835

   22.5805|16.2266|18.4452|14.8310| 3.6142

   15.9184| 6.2741| 6.4422| 6.0350| 0.4073

   21.3284|14.2680|15.9362|13.0200| 2.9163

   21.9800|12.8427|14.1962|11.7064| 2.4897

   22.6153|10.0892|10.8589| 9.2611| 1.5978

   23.4033|13.1451|14.5624|11.9789| 2.5835

   19.0137| 5.4679| 5.6089| 5.2894| 0.3195

   26.7423|13.8606|15.5823|12.5969| 2.9854

   19.0398|15.3586|17.1827|14.0670| 3.1158

   17.6185|16.6248|18.7741|15.2245| 3.5496

   21.1305| 7.8784| 8.2202| 7.4140| 0.8062

   23.0414|16.5405|18.9540|15.1191| 3.8348
   23.2045|19.0426|

   21.5318|10.7026|11.5068| 9.8563| 1.6506

   21.9985|15.8552|17.8867|14.5006| 3.3861

   20.1923|13.2760|14.7009|12.1050| 2.5959

   22.2153|14.3817|16.0749|13.1200| 2.9549

   21.0040|14.2464|15.8891|13.0035| 2.8856

   22.2817|17.1486|19.7360|15.6729| 4.0632

   21.3391| 5.1797| 5.3261| 5.0183| 0.3078

   22.0122|12.8114|14.1377|11.6886| 2.4491

   21.7137|14.6566|16.4158|13.3822| 3.0336

   22.3163|13.8739|15.5682|12.6178| 2.9504

   16.7638|15.8907|17.7865|14.5745| 3.2120

   18.1646|14.9719|16.7580|13.6878| 3.0701

   17.1562| 8.9861| 9.3899| 8.4596| 0.9303

   20.9309|12.0651|13.1766|11.0341| 2.1425

   20.2717|14.6187|16.3508|13.3570| 2.9938

   23.2416|18.3814|20.8266|16.8024| 4.0242

   23.0685|10.7499|11.6059| 9.8663| 1.7397

   22.8453| 7.3674| 7.6847| 6.9435| 0.7412

   22.3312| 5.9027| 6.1296| 5.5985| 0.5311

   20.5324|17.2358|19.5469|15.7863| 3.7606

   19.2088|15.7023|17.6062|14.3856| 3.2206

   19.9769|17.1162|19.4528|15.6487| 3.8041

   18.3790|13.7612|15.2744|12.5573| 2.7171

   16.6585| 9.1728| 9.5916| 8.6272| 0.9644

   20.6174|12.7333|14.2629|11.5329| 2.7300

   23.3806|14.8726|16.7238|13.5674| 3.1564

   23.3885|10.7455|11.6057| 9.8598| 1.7459

   18.0431|16.1927|18.2480|14.8389| 3.4091

   18.5999| 8.7860| 9.1871| 8.2604| 0.9267

   20.1464|16.0379|18.0266|14.6963| 3.3303

   20.8262|18.2875|21.1456|16.7450| 4.4006

   16.8736|15.9493|17.8478|14.6337| 3.2142

   25.4887|13.4507|15.0103|12.2304| 2.7798

   23.7157|15.9603|18.1019|14.5977| 3.5042

   21.6991|12.5589|13.6337|11.1968| 2.4369
   21.9308|12.6270|

   21.6187| 8.3939| 8.7854| 7.8749| 0.9105

   28.5890|14.5644|14.5107|14.6442|-0.1335

   20.5977|13.7339|15.2466|12.5339| 2.7127

   20.3808|16.8330|19.1346|15.4142| 3.7204

   20.2769|15.5747|17.4681|14.2576| 3.2105

   20.5339|12.9808|14.5214|11.7777| 2.7437

   21.7218| 9.7661|10.3633| 9.0676| 1.2957

   21.9461|15.1112|17.0141|13.7995| 3.2145

   22.7312|12.9575|14.5782|11.7271| 2.8511

   21.5809|14.3455|16.0754|13.0805| 2.9949

   22.6234| 3.2900| 4.0299| 2.8078| 1.2221

   20.7342|14.7744|16.5611|13.4882| 3.0730

   22.1353| 9.2871| 9.8084| 8.6547| 1.1537

   21.9414|10.4318|11.1906| 9.6154| 1.5752

   24.0869|10.0187|10.7224| 9.2273| 1.4951

   21.3157| 6.2030| 6.4274| 5.8899| 0.5375

   24.1537|14.8321|16.7182|13.5178| 3.2003

   21.2420|13.3300|15.0504|12.0636| 2.9868

   30.1050|14.6850|16.5745|13.3773| 3.1971

   24.4932|14.9631|16.8226|13.6534| 3.1692

   21.4580|14.9978|16.7768|13.7175| 3.0593

   19.5515|14.3276|16.1509|13.0306| 3.1202

   17.6860|16.5651|18.6675|15.1900| 3.4775

   22.2831|12.7730|14.0792|11.6529| 2.4263
   -1.1808|17.3843|

   19.6658|18.6413|20.8170|17.0591| 3.7579

   21.8306|15.4903|17.4092|14.1669| 3.2423

   20.3571| 8.1262| 8.4812| 7.6500| 0.8312

   20.7697|18.1297|20.7400|16.5815| 4.1585

   20.9049|10.9281|11.7618|10.0628| 1.6990

