    5.7089|15.8592|17.2247|14.7022| 2.5225

    5.4722|18.4888|19.8139|17.0622| 2.7517

    5.1820|18.4396|20.2487|17.0896| 3.1590

    5.5976|10.4041|10.7676| 9.9057| 0.8618

    5.7307|17.3373|19.2957|15.9979| 3.2977

    5.6360|16.4715|17.9850|15.2564| 2.7286

    5.3279|17.1512|18.7843|15.8864| 2.8979

    5.1398|18.1560|20.0581|16.7655| 3.2926

    5.4805|16.8848|18.5086|15.6381| 2.8705

    5.3936|14.3293|15.2619|13.3737| 1.8882

    5.2614|18.0411|19.7384|16.7255| 3.0129

    5.6757|18.9357|20.1228|17.2230| 2.8997

    5.4502|16.6225|
    5.6183|16.0863|17.4416|14.7685| 2.6731

    5.6183|16.0863|17.4416|14.7685| 2.6731
    5.4502|16.6225|

    5.3415|16.2148|17.7115|15.0003| 2.7113

    5.5439|15.4995|16.7318|14.3770| 2.3547

    5.3700|16.8709|18.4383|15.6386| 2.7996

    5.2365|10.4070|10.6937| 9.9812| 0.7125

    5.1546|18.0260|17.9319|18.0529|-0.1210

    5.5195|18.9454|19.3635|17.4755| 1.8880

    5.3342| 8.1463| 8.2769| 7.9536| 0.3233

    5.5013|18.1664|19.9462|16.8272| 3.1189

    5.6317|19.1241|20.7307|17.6992| 3.0315

    5.6107|17.3564|18.9561|16.0697| 2.8864

    5.6435|18.7990|20.4829|17.4071| 3.0758

    5.4115|16.4143|17.9600|15.1860| 2.7740

    5.3596|11.5398|11.9372|11.0071| 0.9301

    5.5713|16.8561|18.4074|15.6207| 2.7867

    5.5198|19.4350|20.9955|17.9689| 3.0266

    5.6650|17.2581|18.9401|15.9662| 2.9739

    5.4545|15.9944|17.4369|14.8056| 2.6313

    5.2057|17.4521|19.1499|16.1709| 2.9790

    5.4854|17.1425|18.8659|15.8620| 3.0039

    5.0876|18.6819|20.4135|17.3188| 3.0947

    5.1784|18.6302|20.3794|17.2595| 3.1199

    5.5056| 8.6882| 8.8550| 8.4412| 0.4138

    5.2130|19.3010|21.0110|17.8411| 3.1699

    5.1641|18.9852|20.7704|17.6278| 3.1426

    5.5876|16.0481|17.5102|14.8635| 2.6468

    5.3206|17.6634|19.4128|16.3651| 3.0477

    5.4819|19.1831|21.2748|17.7814| 3.4934

    5.2645|10.4053|10.7128| 9.9661| 0.7467

    5.4988|18.3253|19.9708|16.9579| 3.0129

    5.5286|14.2053|15.1162|13.2681| 1.8481

    5.3530|17.0920|18.7193|15.8261| 2.8932

    5.2315|14.4189|15.3577|13.4619| 1.8958

    5.4928|18.4405|20.1089|17.0832| 3.0257

    5.3988|15.1510|16.2926|14.0845| 2.2082

    5.3484|12.0929|12.5687|11.4800| 1.0887

    5.2424| 8.2708| 8.3899| 8.0930| 0.2969

    5.2906|17.9489|19.6860|16.6208| 3.0652

    5.4714|17.4232|18.9845|16.1581| 2.8263

    4.9567|18.6360|20.3108|17.2217| 3.0891

    5.6890|18.4305|20.0296|17.0673| 2.9623

    5.2261|16.3158|17.7986|15.0970| 2.7016

    5.3400|14.2572|15.1746|13.3124| 1.8622

    5.4668|17.8527|19.7011|16.4816| 3.2194

    5.2946|17.0811|18.7788|15.7922| 2.9866

    5.3787|15.9894|17.4159|14.7987| 2.6171

    5.4225|14.1449|15.0282|13.2221| 1.8061

    5.4263|15.5314|16.7831|14.4071| 2.3760

    5.2493|10.1413|10.4861| 9.6733| 0.8128

    5.5105|15.4761|16.7155|14.3639| 2.3515

    5.3258|14.2540|15.1693|13.3103| 1.8590

    5.3967|15.4527|16.6507|14.3602| 2.2906

    5.3026|18.2992|19.8053|16.9152| 2.8901

    5.3036|14.6038|15.6018|13.6142| 1.9876

    5.4041| 8.1023| 8.2171| 7.9377| 0.2793

    5.2833| 9.2890| 9.5085| 8.9611| 0.5473

    5.4838|16.8611|18.2520|15.3769| 2.8751
    3.8634|18.3059|

    5.6176|14.7621|16.0018|13.6355| 2.3663

    5.2507|11.1044|11.4661|10.6200| 0.8461

    5.1899|16.0947|17.4383|14.9392| 2.4991

    5.3923|17.9994|17.8846|18.0252|-0.1405

    5.1315|18.1080|19.8377|16.7807| 3.0569

    5.4638|16.4103|17.8250|15.1991| 2.6259

    5.2794|15.6782|16.9484|14.5469| 2.4015

    5.8703|18.6291|20.3495|17.2156| 3.1338

    5.1251|17.7517|19.4854|16.4516| 3.0338

    5.2600|15.3009|16.4649|14.2179| 2.2470

    5.3616|14.6796|15.8467|13.6060| 2.2406

    5.7443|18.0647|19.8134|16.7200| 3.0934

    5.3441|17.2813|19.1454|15.9584| 3.1870

    5.3624|16.6773|18.2640|15.4278| 2.8362

    5.2937|16.0642|17.5485|14.8547| 2.6938

    5.4966|18.8666|20.4635|17.4590| 3.0045

    5.2364|14.3892|15.3271|13.4331| 1.8940

    5.1324|17.3474|18.9537|16.0833| 2.8704

    5.2130| 9.5651| 9.8010| 9.2132| 0.5878

    5.3886| 8.8257| 9.0000| 8.5610| 0.4390

    5.4497|17.8428|19.3444|16.5291| 2.8152

    5.1077|18.0659|19.6189|16.7253| 2.8936

    5.6772|18.7484|20.7455|17.3626| 3.3830

    5.2975|14.9263|15.9748|13.9069| 2.0679

    5.3239|15.2712|16.4826|14.1698| 2.3128

    5.7471|18.4537|20.1676|17.0852| 3.0825

    5.5325|11.3389|11.7302|10.8205| 0.9097

    5.4113|13.3710|14.0840|12.5692| 1.5147

    5.4020| 9.2370| 9.4553| 8.9101| 0.5452

    5.0725|10.1853|10.4982| 9.7389| 0.7593

    5.1579| 8.4189| 8.5650| 8.1989| 0.3661

    5.4838|16.4050|17.9467|15.1725| 2.7741

    5.4893|16.5764|18.0874|15.3584| 2.7290

    5.0673|18.2610|20.0588|16.8910| 3.1678

    5.2166|17.5076|19.0144|16.2046| 2.8099

    5.8229|13.9999|14.8924|13.0719| 1.8205

    5.1242|17.5609|19.1106|16.3021| 2.8084

    5.0316|15.7498|17.0038|14.6289| 2.3749

    5.3950|11.2448|11.6337|10.7357| 0.8980

    5.3165|17.4986|19.0478|16.2030| 2.8448

    5.4324|10.6575|10.9693|10.2073| 0.7620

    5.6290|14.7492|15.8181|13.7166| 2.1015

    5.4900|16.5312|18.0184|15.3137| 2.7047

    5.1440|16.9893|18.6309|15.7405| 2.8905

    5.3463|11.2861|11.6695|10.7710| 0.8985

    5.3033|11.1380|11.5021|10.6382| 0.8639

    5.5721|17.5754|19.1918|16.2923| 2.8996

    5.4985|13.7661|14.5818|12.8915| 1.6903

    5.2573|15.3955|16.5671|14.3121| 2.2551

    5.2307|15.6027|16.9690|14.4310| 2.5380

    5.6586|18.2171|19.9734|16.8780| 3.0954

    5.3112|16.1483|17.5243|14.9739| 2.5504

    5.4247|15.1901|16.3071|14.1313| 2.1758

    5.4744|15.1099|16.2946|14.0147| 2.2799

    5.2746|19.2690|21.1184|17.7654| 3.3530

    5.3083|12.1745|12.6555|11.5584| 1.0971

    5.3240|16.8687|18.4648|15.6197| 2.8451

    5.2652|17.6140|19.0513|16.3062| 2.7451

    5.3390|15.7368|17.0505|14.5885| 2.4619

    5.0985|15.2034|16.3983|14.1082| 2.2901

    5.1829| 9.5228| 9.7550| 9.1761| 0.5789

    5.3340|14.0416|15.0089|13.0672| 1.9417

    5.7530|15.9426|17.3684|14.7606| 2.6077

    4.9564|16.6532|17.9591|15.4887| 2.4704

    5.3520|11.5191|11.9281|10.9782| 0.9499

    5.2662|15.0005|16.2829|13.8753| 2.4077

    5.1925|18.6265|19.8734|17.2065| 2.6669

    5.3784|17.5090|19.1893|16.2199| 2.9693

    5.3028|16.9999|18.5524|15.7571| 2.7953

    5.3438| 7.4421| 7.5202| 7.3466| 0.1736

    5.0652|16.2873|17.7260|15.0901| 2.6359

    5.1822|17.4999|19.1555|16.2046| 2.9509

    5.4297|15.7487|17.0778|14.5986| 2.4792

    5.2382|13.5259|14.2655|12.6989| 1.5666

    5.3209|14.0891|14.9572|13.1518| 1.8054

    5.4134|18.2567|20.0056|16.9065| 3.0990

    5.3270|14.8148|15.8779|13.7863| 2.0916

    5.4184|14.7993|15.8198|13.7973| 2.0225

    5.4748|16.0430|17.6483|14.7920| 2.8563

    5.3987|15.4484|16.6477|14.3496| 2.2980

    5.2346|18.3573|20.0079|16.9942| 3.0138

    5.4554|16.9010|18.6128|15.6064| 3.0064

    5.2883| 8.1956| 8.3289| 8.0033| 0.3256

    5.1544|17.4008|18.9378|16.1298| 2.8080

    5.1536|12.5950|13.1351|11.9309| 1.2042

    5.0041|17.3141|19.0504|15.9799| 3.0705

    5.4986|12.0923|12.5741|11.4778| 1.0963

    5.0308|16.6605|18.1278|15.4342| 2.6935

    5.2917|16.8208|18.3711|15.5826| 2.7885

    5.2255|11.2535|11.6218|10.7558| 0.8660

    5.5704|11.8502|12.3334|11.2272| 1.1062

    5.0243|18.2068|20.0043|16.8305| 3.1738

    5.2491|11.0967|11.4573|10.6118| 0.8455

    5.1690|17.9323|19.6927|16.6056| 3.0871

    5.3332|16.2429|17.7043|15.0353| 2.6690

    5.5215|16.1567|17.6909|14.9351| 2.7558

    5.4884|11.4758|11.8741|10.9447| 0.9295

    5.2892|15.6217|16.7125|14.4624| 2.2500
    1.3137|17.6945|

    5.4986|13.8415|14.6633|12.9625| 1.7008

    5.5278|18.8178|19.9027|17.4121| 2.4906

    5.3185|15.0667|16.1855|14.0084| 2.1771

    5.3533|17.7613|19.3390|16.4469| 2.8921

    5.2844|12.3566|12.8647|11.7155| 1.1492

    5.1296|14.9731|16.0349|13.9459| 2.0891

    5.7271|18.8689|20.6665|17.4459| 3.2206

    4.9557|15.1659|16.3596|14.0496| 2.3099

    5.5421|16.7760|18.3511|15.5377| 2.8134

    5.5447|19.2207|20.7550|17.7832| 2.9718

    5.2217|17.5899|19.3020|16.2965| 3.0055

    5.0126|17.2795|18.9490|16.0060| 2.9429

    5.1829|18.0707|19.7420|16.7604| 2.9816

    5.1806|19.4248|21.2863|18.0075| 3.2787

    5.4364|13.9461|14.7818|13.0526| 1.7291

    5.2909|18.2288|19.9224|16.8833| 3.0391

    5.2637|16.1166|17.6884|14.8863| 2.8022

    5.3841|12.5669|13.1153|11.8911| 1.2243

    5.1782|16.6409|18.2073|15.4011| 2.8062

    5.3597|14.0477|14.9332|13.1286| 1.8046

    5.2375|17.0032|18.6190|15.7408| 2.8782

    5.7440|12.0709|12.5629|11.4491| 1.1138

    5.3559| 9.3623| 9.5815| 9.0312| 0.5503

    5.2950|14.8019|15.8407|13.7879| 2.0528

    5.4223|16.9154|18.4255|15.6905| 2.7350

    5.3438|17.1057|18.8955|15.8064| 3.0891

    5.2887|18.5755|20.2344|17.1784| 3.0560

    5.1929|14.8284|15.8784|13.8146| 2.0637

    5.6040|19.4910|20.9287|17.9442| 2.9845

    5.5172|14.1032|14.9718|13.1861| 1.7857

    5.3322|17.8498|19.6250|16.5316| 3.0934

    5.3750|17.5900|19.4671|16.2474| 3.2197

    5.5995|17.8180|19.5217|16.5037| 3.0180

    5.0970|19.0268|20.6320|17.6038| 3.0283

    5.1663|18.4201|20.1980|17.0776| 3.1203

    5.4967|17.7821|19.5156|16.4814| 3.0342

    5.2769|13.9020|14.7222|13.0232| 1.6991

    5.3230|16.7773|18.4036|15.4898| 2.9138

    5.5086|18.4176|20.1237|17.0733| 3.0504

    5.4787|12.4594|12.9863|11.8006| 1.1858

    5.6176|18.6772|20.2663|17.3195| 2.9468

    4.9778|16.3551|17.7382|15.1795| 2.5587

    5.7017|18.5978|20.4101|17.2332| 3.1769

    5.4499|16.0417|17.4305|14.8777| 2.5528

    5.2380|18.3074|20.0324|16.9542| 3.0782

    5.6961|15.8857|17.1779|14.7509| 2.4271

    5.3404|13.1342|13.7893|12.3707| 1.4186

    5.5933|15.0258|16.1389|13.9710| 2.1679

    5.1201|17.3275|18.9251|16.0685| 2.8566

    5.1539|18.2328|19.9203|16.9033| 3.0170

    5.4583|11.0087|11.3638|10.5228| 0.8410

    5.3396|13.8291|14.6554|12.9361| 1.7193

    5.2738|11.6792|12.0954|11.1265| 0.9689

    5.4486|16.7351|18.2436|15.5242| 2.7193

    5.5198|15.3782|16.5824|14.2956| 2.2868

    5.3101|16.1306|17.6457|14.9269| 2.7188

    5.7333|17.6776|19.2914|16.3764| 2.9150

    5.5133|14.5291|15.5361|13.5316| 2.0045

    5.3510|13.6066|14.3749|12.7692| 1.6058

    5.2967|16.3092|17.8819|15.0778| 2.8042

    5.4561|17.0101|18.5583|15.7717| 2.7866

    5.5411|12.5124|13.0658|11.8333| 1.2324

    5.4482| 9.2352| 9.4551| 8.9089| 0.5461

    5.0541|16.4913|17.9958|15.2804| 2.7153

    5.2445|15.7991|17.0973|14.6572| 2.4400

    5.3113|16.6705|18.2384|15.4198| 2.8186

    5.3478|17.5088|19.0005|16.2208| 2.7797

    5.1810|18.6421|20.2946|17.2658| 3.0288

    5.3942|12.9114|13.6978|12.0522| 1.6455

    5.2366|11.6297|12.0583|11.0407| 1.0176
    5.7472|15.6832|

    5.4447| 8.3635| 8.5088| 8.1458| 0.3629

    5.2172|17.8470|19.4376|16.5435| 2.8941

    5.3820|18.1100|19.8959|16.8017| 3.0942

    5.0355|17.2329|18.9666|15.9333| 3.0333

    5.6072|18.3905|19.7474|17.0419| 2.7055

    5.3920| 8.7618| 8.9374| 8.4926| 0.4448

    5.4886|16.9317|18.5197|15.6838| 2.8359

    5.1050|18.2261|19.8702|16.8669| 3.0033

    5.4798|18.0125|19.7682|16.6954| 3.0728

    5.5089|16.8597|18.3803|15.6394| 2.7408

    5.3957| 9.6665| 9.9056| 9.3146| 0.5910

    5.5489|13.5883|14.5007|12.6348| 1.8659

    5.7553|18.2625|20.0458|16.9076| 3.1382

    5.1902|17.9982|19.7033|16.6702| 3.0331

    5.5255|16.5641|18.1159|15.3314| 2.7845

    5.2524|18.5011|20.3692|17.1628| 3.2065

    5.4343|16.6757|18.2385|15.4393| 2.7992

    5.5616|16.9278|18.4475|15.7007| 2.7469

    5.7507|18.9096|20.9837|17.4738| 3.5099

    5.6034|17.3064|19.0603|15.9731| 3.0872

    5.3421|14.5263|15.5042|13.5498| 1.9544

    5.2503| 9.8143|10.0685| 9.4411| 0.6274

    5.5112|11.6138|12.0324|11.0608| 0.9716

    5.7888|17.6749|19.3977|16.3809| 3.0168

    5.5714|17.3208|19.1144|15.9985| 3.1159

    5.1662|15.9063|17.2510|14.7530| 2.4980

    5.7813|18.1378|20.0629|16.7966| 3.2663

    5.2696|13.8494|14.6603|12.9778| 1.6825

    5.1695|12.5136|13.0410|11.8568| 1.1841

    5.2482|12.6153|13.1961|11.9100| 1.2861

    5.5257|18.9462|20.7653|17.4931| 3.2722

    5.3437|13.5464|14.3002|12.7151| 1.5851

    5.6999|18.6492|20.3649|17.3057| 3.0592

    5.5597|14.2114|15.1356|13.2637| 1.8718

    5.5846|19.6335|21.3477|18.1317| 3.2160

    5.4290|14.0006|15.0241|12.9956| 2.0285

    5.3347|13.4111|14.1190|12.6098| 1.5092

    5.2163|18.4692|20.3906|17.0892| 3.3013

    5.2271|16.7223|18.2478|15.4945| 2.7533

    5.4441|15.1549|16.5474|13.9854| 2.5621

    5.3477|12.7360|13.3163|12.0335| 1.2828

    5.5619|15.1018|16.2313|14.0439| 2.1874

    5.1735|18.0071|19.6572|16.6896| 2.9676

    5.4355|13.5698|14.3285|12.7336| 1.5949

    5.5475|18.5564|20.5056|17.1313| 3.3743

    5.5331|12.8647|13.4811|12.1373| 1.3438

    5.2010|18.2957|18.2079|18.3200|-0.1120

    5.2524|16.1792|17.5872|15.0054| 2.5817

    5.3329|17.1369|18.6900|15.9084| 2.7816

    5.3686|17.1069|18.7237|15.8412| 2.8825

    5.3472|16.7410|18.4440|15.4639| 2.9801

    5.5372|12.7565|13.3387|12.0535| 1.2852

    5.6941|14.9790|16.1102|13.9208| 2.1894

    5.5936|17.2171|
    5.7806|14.1395|15.1062|13.0844| 2.0218

    5.5761|18.5206|20.3316|17.1742| 3.1573

    5.3566|17.3331|19.0023|16.0640| 2.9383

    5.2563|17.0528|18.6250|15.7944| 2.8306

    5.5785|17.2424|18.8753|15.9598| 2.9155

    5.2899|15.0881|16.1958|14.0401| 2.1558

    5.1553| 9.8440|10.0867| 9.4775| 0.6091

    5.2271|15.6884|16.9112|14.5543| 2.3569

    5.0925|18.8768|20.6324|17.5139| 3.1185

    5.5489|18.1106|19.7159|16.7807| 2.9352

    5.3085|10.5096|10.8166|10.0700| 0.7465

    5.1904|12.2919|12.7817|11.6666| 1.1151

    5.4761|17.7856|19.6209|16.4301| 3.1908

    5.4584|18.2725|20.1097|16.8069| 3.3028
   20.7051|

    5.3132|13.9274|14.7573|13.0430| 1.7143

    5.3294|12.3193|12.8242|11.6874| 1.1368

    5.4329|17.5352|19.1896|16.2466| 2.9429

    5.3094|12.6370|13.1901|11.9472| 1.2430

    5.1385|18.3076|19.5898|16.9692| 2.6206

    5.3869|18.2230|20.0626|16.8616| 3.2011

    5.2843|17.0831|18.8068|15.7756| 3.0312

    5.1993|15.1765|16.3054|14.1213| 2.1840

    5.4213|15.4732|16.6899|14.3690| 2.3209

    5.3702|10.2612|10.5499| 9.8423| 0.7076

    5.3081|14.8801|15.9878|13.8177| 2.1701

    5.3898|15.7483|17.1320|14.5748| 2.5572

    5.5112|14.3494|15.2907|13.3934| 1.8973

    5.6002|13.0557|13.7058|12.2976| 1.4081

    5.2221|10.7350|11.0510|10.2833| 0.7677

    5.5048|16.7454|18.2602|15.5275| 2.7326

    5.0572|14.9895|16.2815|13.8085| 2.4730

    5.1059|18.6363|20.0657|17.1942| 2.8715

    5.5248|14.8447|15.9112|13.8210| 2.0902

    5.3683|14.6846|15.6999|13.6862| 2.0136

    5.3860|17.2991|18.9066|16.0153| 2.8913

    5.8151|18.9091|20.4740|17.5045| 2.9695

    5.2421|18.4135|20.0293|17.0437| 2.9855

    5.2575|18.2152|18.1409|18.2744|-0.1335

    5.3431|15.5368|16.8228|14.3989| 2.4240

    5.4141|18.6670|20.2485|17.2912| 2.9574

    5.3024|15.9368|17.2385|14.7924| 2.4462

    5.5068|18.9751|20.7244|17.5254| 3.1991

    5.2090|17.0067|18.6481|15.7418| 2.9063

    5.1812|16.0786|17.4056|14.9204| 2.4851

    5.3116|11.4533|11.8612|10.9162| 0.9450

    5.0353|18.1139|19.8058|16.7573| 3.0485

    5.3956|17.2275|18.9174|15.9164| 3.0010

    5.3072| 9.0278| 9.2190| 8.7380| 0.4810

    5.3188|14.7527|15.7854|13.7441| 2.0413

    5.7703|18.0798|19.8241|16.7416| 3.0824

    5.3322|13.9267|14.7566|13.0427| 1.7139

    5.3697|17.8575|19.6270|16.5308| 3.0962

    5.3450|12.0520|12.5203|11.4494| 1.0710

    5.2063|13.2480|13.9074|12.4800| 1.4274

    5.4660|10.1147|10.4019| 9.7031| 0.6988

    5.7902|18.8359|20.5484|17.4419| 3.1065

    5.1729|18.6280|20.5518|17.2638| 3.2880

    5.2708|18.8387|20.5937|17.4545| 3.1392

    5.0976|17.4897|19.0752|16.2070| 2.8682

    5.4177|17.2892|18.9774|15.9767| 3.0006

    5.5841|18.2081|19.9190|16.8252| 3.0938

    5.4547|17.0739|18.8168|15.7738| 3.0430

    5.6222|15.5448|16.8252|14.4044| 2.4209

    5.5256|16.5298|18.0886|15.3002| 2.7884

    5.4113|15.8300|17.1768|14.6775| 2.4993

    5.2701|17.6146|19.3209|16.3169| 3.0040

    5.3167|15.7634|17.0403|14.6317| 2.4086

    5.1375|16.4083|17.9475|15.1753| 2.7722

    5.4470|15.1295|16.2675|14.0650| 2.2025

    5.6591|17.8715|19.6358|16.5448| 3.0910

    5.5059|18.6842|20.3270|17.2886| 3.0383

    5.2374|19.0577|20.7004|17.6428| 3.0575

    5.3805|15.6021|16.8558|14.4854| 2.3703

    5.3009|17.5312|19.1760|16.2404| 2.9356

    5.5214|17.3339|18.9912|16.0368| 2.9543

    5.3954|17.4440|19.0000|16.1754| 2.8246

    5.3423|16.7169|18.3000|15.4777| 2.8223

    5.3302| 9.9797|10.2401| 9.5937| 0.6465

    5.2489|18.4174|20.0336|17.0547| 2.9788

    5.3193|17.7635|19.4442|16.4513| 2.9929

    5.4297|13.7479|14.7281|12.7670| 1.9611

    5.2431|17.7132|19.3887|16.4127| 2.9760

    5.3158|14.3415|15.2909|13.3808| 1.9100

    5.2020|16.4334|17.9218|15.2211| 2.7007

    5.4064|15.9771|17.3760|14.8008| 2.5752

    5.4714|16.6270|18.0930|15.4281| 2.6649

    5.3334|12.3995|12.9203|11.7473| 1.1729

    5.4353|16.1731|17.6506|14.9683| 2.6823

    5.3418|12.0784|12.5504|11.4728| 1.0777

    5.5754|19.4139|20.9762|17.9627| 3.0135

    5.0225|19.0708|20.8478|17.6568| 3.1909

    5.3798|15.8639|17.1961|14.7118| 2.4843

    5.3334|16.2849|17.7455|15.0906| 2.6549

    5.3477|16.5341|18.1435|15.2819| 2.8616

    5.3685|16.9456|18.5652|15.6925| 2.8727

    5.4642|18.0500|19.7827|16.7362| 3.0465

    5.2120|18.4411|20.0313|17.0938| 2.9375

    5.5039| 9.5098| 9.7432| 9.1619| 0.5813

    5.3128| 8.3876| 8.5298| 8.1734| 0.3564

    5.2389|17.7124|19.4846|16.4104| 3.0742

    5.2537|17.3209|18.9415|16.0477| 2.8939

    5.7616|18.8708|21.0002|17.3885| 3.6118

    5.1886|12.8698|13.4702|12.1539| 1.3163

    5.1539|17.2985|18.8395|16.0224| 2.8171

    5.0974|18.4129|20.0891|17.0479| 3.0412

    5.2378|15.7860|17.2036|14.6037| 2.5999

    5.2404|18.2944|19.9617|16.9278| 3.0339

    5.6829|19.0869|20.3868|17.6343| 2.7525

    5.6749|17.8439|19.5225|16.5460| 2.9765

    5.3311|12.4488|12.9755|11.7907| 1.1848

    5.3539|13.5542|14.2815|12.7360| 1.5454

    5.2599|14.8939|15.9468|13.8748| 2.0720

    5.3742|12.9759|13.6039|12.2382| 1.3657

    5.3777|13.3603|14.0668|12.5569| 1.5099

    5.3119|12.3232|12.8247|11.6837| 1.1410

    5.1402|17.8326|19.4873|16.5021| 2.9852

    5.3610|17.4056|19.0846|16.1255| 2.9591

    5.0682|16.0616|17.5398|14.8647| 2.6752

    5.5804|17.3828|19.0571|16.0825| 2.9747

    5.3966|16.8159|18.5149|15.5298| 2.9850

    5.3096|16.6450|18.2262|15.4067| 2.8194

    5.5503|10.6469|10.9766|10.1919| 0.7847

    5.5384|15.3926|16.6707|14.2392| 2.4315

    5.2825|15.6721|17.1867|14.4553| 2.7314

    5.4920|14.1304|15.0234|13.2057| 1.8177

    5.2578|17.8237|19.5281|16.5118| 3.0163

    5.1074|18.1671|19.8602|16.8290| 3.0312

    5.1150|17.9603|17.8627|18.0334|-0.1707

    5.5087|16.8816|18.4529|15.6337| 2.8192

    5.2946|17.5983|19.1655|16.3135| 2.8520

    5.3158|12.6349|13.1842|11.9561| 1.2281

    5.1909|16.8343|18.3219|15.5962| 2.7257

    5.1942|15.5689|16.8351|14.4277| 2.4074

    5.1969| 7.4455| 7.5372| 7.3270| 0.2102

    5.1488|11.0424|11.4054|10.5606| 0.8449

    4.9574|18.5651|20.2180|17.1658| 3.0522

    5.2576|11.6328|12.0442|11.0849| 0.9592

    5.6353|18.9031|20.7383|17.5236| 3.2147

    5.3521|15.4851|16.7174|14.3807| 2.3367

    5.2305|15.8320|17.1265|14.6750| 2.4515

    5.1177|18.5621|20.1537|17.2094| 2.9442

    5.2539|18.9858|20.4333|17.5718| 2.8615

    5.7269|12.8439|13.4667|12.1121| 1.3546

    5.0466|17.5924|19.3676|16.2365| 3.1311

    5.1788| 6.3987| 6.7738| 5.9163| 0.8575

    5.3397|19.3524|20.8479|17.8883| 2.9596

    5.4349|16.3588|17.8944|15.1358| 2.7586

    5.1582|17.4119|19.0531|16.1310| 2.9221

    5.4547|17.6592|19.2821|16.3785| 2.9036

    5.7765|18.6942|20.4691|17.3047| 3.1644

    5.1322|16.8762|18.5119|15.6064| 2.9055

    5.4179|17.4663|19.0949|16.1749| 2.9200

    5.3468|12.8854|13.4909|12.1625| 1.3285

    5.1968|17.6815|19.3929|16.3758| 3.0172

    5.4046|17.5266|19.2040|16.2131| 2.9909

    5.0794|18.5167|20.0713|17.1317| 2.9396

    5.3569| 9.0789| 9.2865| 8.7659| 0.5206

    5.1794|17.8193|19.6045|16.3687| 3.2359

    5.5869|18.6639|20.4020|17.2875| 3.1145

    5.0251|12.6661|13.2015|12.0000| 1.2014

    5.2245|17.8726|19.6950|16.5592| 3.1357

    5.1047|19.5715|21.1021|18.1908| 2.9113

    5.1822|17.2531|18.7649|16.0137| 2.7512

    5.3697|15.7702|17.0863|14.6271| 2.4592

    5.3957|15.8664|17.3033|14.6783| 2.6250

    5.2337|12.3889|13.0387|11.6351| 1.4036

    5.3589|18.0508|19.7147|16.7350| 2.9797

    5.3398|14.7107|15.7236|13.7174| 2.0062

    5.3476|15.4695|16.6651|14.3806| 2.2845

    5.2153|16.1808|17.5576|15.0153| 2.5423

    5.3736|16.2926|17.7867|15.0832| 2.7035

    5.1159|17.3273|18.9633|16.0345| 2.9288

    5.6651|18.7590|20.6335|17.3480| 3.2855

    5.3214|16.0827|17.4543|14.9260| 2.5283

    5.3535|12.9854|13.6169|12.2452| 1.3717

    5.0915|17.6490|19.2588|16.3500| 2.9088

    5.0327|16.2744|17.6836|15.0987| 2.5848

    5.1496|17.4155|19.0207|16.1606| 2.8602

    5.1441|18.0810|19.7637|16.7443| 3.0194

    5.3534|12.7607|13.3486|12.0554| 1.2933

    5.5685|16.8225|18.2986|15.6040| 2.6946

    5.4907|18.3786|20.1915|17.0485| 3.1430

    5.1769|14.4477|15.3826|13.4941| 1.8885

    5.6087|15.1429|16.3002|14.0650| 2.2352

    5.3528|16.4111|17.9977|15.1168| 2.8808

    5.8052|18.4224|20.1469|17.0565| 3.0904

    5.6056|18.6586|19.9757|17.2865| 2.6891

    5.3303|17.6999|19.4037|16.3977| 3.0060

    5.4301|18.7763|20.3455|17.3737| 2.9718

    5.6012| 8.4507| 8.6038| 8.2223| 0.3815

    5.2579|14.1476|15.0383|13.2198| 1.8185

   
    5.5421|10.2443|10.5239| 9.8325| 0.6914

    5.3953|11.7187|12.1458|11.1566| 0.9892

    5.5769|15.5985|16.8706|14.4696| 2.4010

    5.6814|13.6052|14.3926|12.7411| 1.6514

    5.1399|16.4483|18.1280|15.1766| 2.9515

    5.3548|17.4644|19.1349|16.1726| 2.9624

    5.3286|12.6139|13.1744|11.9291| 1.2453

    5.5388|17.9756|19.6789|16.6304| 3.0485

    5.5128|17.2382|18.9285|15.9510| 2.9774

    5.2775|15.5893|16.8673|14.4533| 2.4139

    5.1113|16.8289|18.5641|15.5397| 3.0244

    5.1602|17.5933|19.3296|16.2675| 3.0622

    5.6928|17.6998|19.5101|16.3806| 3.1295

    5.5531|12.7344|13.3257|12.0236| 1.3021

    5.3966| 9.3927| 9.6223| 9.0531| 0.5692

    5.4123| 9.7204| 9.9629| 9.3575| 0.6054

    5.3456|18.3417|18.2879|18.3437|-0.0558

    5.6326|16.3509|17.7752|15.1694| 2.6059

    5.0864|18.9178|20.9098|17.4661| 3.4437

    5.4839|16.2463|17.6626|15.0704| 2.5922

    5.3284|12.9395|13.5624|12.2099| 1.3524

    5.1860|18.4037|20.1141|17.0799| 3.0342

    5.5688|18.4641|20.1878|17.0898| 3.0980

    5.2539|19.3314|20.7833|17.8970| 2.8863

    5.1802|18.9552|20.7606|17.5080| 3.2526

    5.1566|14.6246|15.6223|13.6358| 1.9865

    5.6715|13.1628|13.8204|12.3987| 1.4217

    5.5230|15.8874|17.3918|14.6759| 2.7159

    4.9749|18.2024|19.6180|16.8580| 2.7599

    5.8391|17.9173|19.6434|16.6083| 3.0351

    5.0061|18.3501|20.0756|17.0155| 3.0600

    5.4076|16.1254|17.4787|14.9684| 2.5104

    5.5572|19.0713|21.0364|17.6395| 3.3969

    5.3375|13.3435|14.0315|12.5550| 1.4765

    5.3402|13.4869|14.2143|12.6713| 1.5430

    5.0340|16.0542|17.4732|14.8720| 2.6013

    5.3175|19.2725|21.0256|17.8355| 3.1902

    5.5352|16.0836|17.4539|14.9140| 2.5399

    5.4463|14.2452|15.3300|13.2051| 2.1249

    5.3506|17.6349|19.2617|16.3251| 2.9366

    5.2168|12.7713|13.3389|12.0408| 1.2982
    9.2813|15.5515|

    5.4262|17.4776|19.2068|16.1856| 3.0212

    5.4493|15.9314|17.2755|14.7737| 2.5018

    5.6771|16.5702|18.1228|15.2868| 2.8360
   19.7893|

    5.3926|13.4700|14.2231|12.6351| 1.5880

    5.0412|18.8891|20.4180|17.4790| 2.9390

    5.1996|14.7110|15.7248|13.7141| 2.0107

    5.3728|14.9763|16.2136|13.8685| 2.3451

    5.5003|16.9394|18.6236|15.6534| 2.9702

    5.8164|17.5142|19.3248|16.2117| 3.1131

    5.1584|18.2013|20.1192|16.8364| 3.2828

    5.5535|16.6585|18.2224|15.4156| 2.8068

    5.2879|15.4770|16.6994|14.3699| 2.3295

    5.1788|14.4741|15.4320|13.5062| 1.9258

    5.4737|12.1297|12.6181|11.5071| 1.1110

    5.3381|14.0821|14.9556|13.1662| 1.7894

    5.5035|12.4259|12.9478|11.7764| 1.1715

    5.3292|17.7086|19.3673|16.3345| 3.0328

    5.2835|15.2438|16.3907|14.1695| 2.2212

    5.2895|16.1130|17.5587|14.9189| 2.6398

    5.3473|15.4887|16.7803|14.3500| 2.4303

    5.4541|14.2541|15.1787|13.3129| 1.8658

    4.9911|12.5059|13.0107|11.8681| 1.1426

    5.1618|17.8589|19.4946|16.5415| 2.9530

    5.4154|13.3767|14.0955|12.5619| 1.5336

    5.4200|10.5806|10.8921|10.1378| 0.7543

    5.4025|16.2091|17.7915|14.9756| 2.8160

    5.4528|10.5316|10.8424|10.0850| 0.7574

    5.1814|18.3400|20.1981|17.0191| 3.1791

    5.3941|19.2948|20.9723|17.8563| 3.1160

    5.3132|17.6586|19.2990|16.3255| 2.9735

    5.0455| 6.6814| 6.8008| 6.5138| 0.2870

    5.4263|13.5903|14.3610|12.7435| 1.6176

    5.4065|14.5218|15.5047|13.5446| 1.9601

    5.3367|19.0506|20.8187|17.5957| 3.2230

    5.2401|15.8514|17.1669|14.7083| 2.4586

    5.0356|16.2061|17.7929|14.9531| 2.8398

    5.2543|15.6514|16.9884|14.4963| 2.4922

    5.2895|13.0902|13.7327|12.3396| 1.3931

    5.3980|17.4003|18.9406|16.1184| 2.8222

    5.3575|11.6453|12.0613|11.0949| 0.9664

    5.3457| 9.6871| 9.9475| 9.3033| 0.6441

    5.4163|12.0267|12.5051|11.4148| 1.0903

    5.1540|15.7898|17.0209|14.6708| 2.3501

    5.3018|13.3702|14.1017|12.5471| 1.5546

    5.5521|18.1914|20.0105|16.8081| 3.2024

    5.0944|18.8891|20.4469|17.4789| 2.9680

    5.5236|15.4410|16.8510|14.2537| 2.5973

    5.3410|14.1386|15.0395|13.2090| 1.8305

    5.1484|16.8183|18.4157|15.5707| 2.8451

    5.4907|16.1690|17.5145|14.9959| 2.5185

    5.3375|12.9478|13.5639|12.2165| 1.3474

    5.3515|16.9061|18.3407|15.6901| 2.6506

    5.0819|18.1794|19.9350|16.8447| 3.0903

    5.7159|18.1316|19.8061|16.8205| 2.9856

    5.2323|18.1454|19.9293|16.8130| 3.1163

    5.5910|14.6945|15.7545|13.6710| 2.0835

    5.3654|11.9195|12.3651|11.3377| 1.0275

    5.6285|17.6518|19.2636|16.3617| 2.9019

    5.3448|10.4472|10.7474|10.0150| 0.7324

    5.3938|17.7025|19.3382|16.4046| 2.9337

    5.3607|17.4158|19.0844|16.1467| 2.9378

    5.3281|10.5043|10.8121|10.0664| 0.7457

    5.1371|18.1292|19.8570|16.7706| 3.0864

    5.4109|13.1577|13.8207|12.3871| 1.4336

    5.4643|19.9106|20.9011|18.4225| 2.4787

    5.6038|18.8549|20.8511|17.4947| 3.3563

    5.0095|12.3125|12.8790|11.6123| 1.2667

    5.4935|17.1124|18.7597|15.8345| 2.9252

    5.0137|16.8877|18.4756|15.5985| 2.8771

    5.4238|18.4707|20.0501|17.0659| 2.9842

    5.4184|17.6218|19.2032|16.3229| 2.8803

    5.2879|17.0097|18.6129|15.7578| 2.8551

    5.3700| 6.5925| 6.7414| 6.3856| 0.3558

    5.4427|13.6540|14.4144|12.8114| 1.6031

    5.2835|14.9680|16.2863|13.8118| 2.4745

    5.5423|17.1166|18.6483|15.8520| 2.7964

    5.4377|16.4203|17.9385|15.2044| 2.7341

    5.3739|16.6030|18.0712|15.3799| 2.6913

    5.1637|18.4288|19.8677|17.0447| 2.8230

    5.6978|18.3577|20.1687|16.9739| 3.1948

    5.2725| 9.3202| 9.5403| 8.9857| 0.5546

    5.1740| 7.3673| 7.5212| 7.1465| 0.3747

    5.4035|15.5361|16.7409|14.4313| 2.3096

    5.6930|16.5647|18.2117|15.2872| 2.9245

    5.6662|15.7370|17.0557|14.5919| 2.4639

    5.2934|14.6547|15.9145|13.5340| 2.3805

    5.5071|16.5739|17.9183|15.1877| 2.7306
    5.4139|18.2787|

    5.0749|17.7263|17.5436|17.6369|-0.0933

    5.2646|15.9354|17.5185|14.6853| 2.8333

    5.2942|15.1311|16.4655|13.9853| 2.4802

    5.3239|10.0396|10.3899| 9.5707| 0.8192

    5.3885|13.3378|14.0446|12.5372| 1.5074

    5.0647|18.5359|19.0580|17.0634| 1.9947

    5.2126|16.6976|18.2391|15.4695| 2.7696

    5.6747|18.5335|20.2386|17.1526| 3.0860

    5.1052|18.3555|18.3113|18.3865|-0.0752

    5.3513| 9.6657| 9.9053| 9.3062| 0.5991

    5.5108|14.9770|16.0566|13.9373| 2.1193

    5.5244|14.9131|15.9985|13.8724| 2.1261

    5.3659|17.0102|18.5464|15.7822| 2.7642

    5.3326|12.3094|12.8888|11.5933| 1.2956

    5.4646|15.1245|16.2899|14.0390| 2.2509

    5.3995|16.6426|18.2079|15.4009| 2.8071

    5.4479|12.5283|13.0730|11.8222| 1.2507

    5.7474|18.0398|19.7942|16.6940| 3.1001

    5.4322|15.1887|16.4619|13.9674| 2.4945
    2.1395|18.0284|

    5.4822|13.6512|14.4287|12.8010| 1.6278

    5.2504| 7.6532| 7.7588| 7.5160| 0.2428

    5.8286| 9.7617|10.0220| 9.3765| 0.6455

    5.2777|13.3318|14.0250|12.5398| 1.4852

    5.3231|16.3460|18.0278|15.0718| 2.9560

    5.3989|16.9940|18.5011|15.7491| 2.7521

    5.2340|18.2949|19.7322|16.9233| 2.8089

    5.6379|17.8111|19.5117|16.4999| 3.0118

    5.3702|14.4475|15.3890|13.4831| 1.9059

    5.1652|15.7655|17.0924|14.6212| 2.4712

    5.5941|16.5342|18.0253|15.3134| 2.7119

    5.1597| 9.6881| 9.9291| 9.3114| 0.6177

    5.3682|13.9773|14.7626|13.0081| 1.7545

    5.3706| 6.1590| 6.6785| 5.5404| 1.1382

    5.3883|17.2673|18.9043|16.0021| 2.9022

    5.7170|17.8043|19.5101|16.5030| 3.0071

    5.1673|14.6448|15.6459|13.6502| 1.9956

    5.3143|10.5175|10.8255|10.0755| 0.7500

    5.0175|18.1565|19.8457|16.8162| 3.0296

    5.2706| 9.3754| 9.6016| 9.0372| 0.5645

    5.1991|12.8662|13.4588|12.1506| 1.3082

    5.4438|15.2126|16.3533|14.1482| 2.2051

    5.2981| 6.7861| 6.9124| 6.6299| 0.2825

    5.4628| 8.3222| 8.4555| 8.1224| 0.3331

    5.2414|18.0421|19.6910|16.7195| 2.9715

    5.4847| 8.5907| 8.7472| 8.3514| 0.3958

    5.3006|15.8052|17.1223|14.6522| 2.4701

    5.2167| 8.9154| 9.0937| 8.6477| 0.4460

    5.1159|18.7956|20.3734|17.3761| 2.9973

    5.6430|18.7137|20.5700|17.3603| 3.2097

    5.3456|12.3649|12.8698|11.6844| 1.1855
    2.7715|16.1757|

    5.1367|16.8200|18.3025|15.5856| 2.7169

    5.3297|16.2451|17.7018|15.0491| 2.6527

    4.9606| 7.7580| 7.8839| 7.5764| 0.3074

    5.3366|12.5770|13.1147|11.9078| 1.2069

    5.5784|14.4249|15.4580|13.4127| 2.0453

    5.5644| 7.9815| 8.1085| 7.7996| 0.3089

    5.8210|18.1802|19.9282|16.8518| 3.0764

    5.3734|17.2758|18.7308|16.0003| 2.7305

    5.5798|18.2469|19.9724|16.9032| 3.0692

    5.3373|11.9735|12.4359|11.3747| 1.0612

    5.4764|18.3932|20.2141|16.9597| 3.2545

    5.4006|16.1460|17.5040|14.9879| 2.5161

    5.3352|13.2599|13.9414|12.4757| 1.4656

    5.2289|16.6935|18.1975|15.4736| 2.7239

    5.1722|11.0082|11.3593|10.5292| 0.8301

    5.4681|15.6524|16.9084|14.5232| 2.3852

    5.3506|12.5718|13.1317|11.8805| 1.2511

    5.3598|15.6625|16.9463|14.5382| 2.4080

    5.4905|12.7699|13.3437|12.0606| 1.2831

    5.0438|18.8199|20.4186|17.4154| 3.0033

    5.4246|11.2686|11.6543|10.7458| 0.9084

    5.3511|11.2199|11.6125|10.7031| 0.9093

    5.3311|14.4217|15.3746|13.4610| 1.9136

    5.4017|18.3696|20.1336|16.9872| 3.1464

    5.4027| 9.7172| 9.9658| 9.3494| 0.6164

    5.5385|15.9695|17.2864|14.8219| 2.4645

    5.5818|17.0771|18.8324|15.7648| 3.0675

    5.2728|17.9799|19.5616|16.6605| 2.9011

    5.4564|14.7431|15.7586|13.7415| 2.0172

    5.1005|18.0406|19.7700|16.7176| 3.0523

    5.2905|17.0969|18.6854|15.8233| 2.8621

    5.2818|12.6619|13.2199|11.9789| 1.2410

    5.5130| 6.3558| 6.8399| 5.7377| 1.1022

    5.2989| 7.4871| 7.6224| 7.3012| 0.3212

    5.4443|11.9281|12.3872|11.3346| 1.0526

    5.3932|11.6304|12.0385|11.0727| 0.9657

    5.2021|16.0460|17.4148|14.8702| 2.5446

    5.2508|10.1724|10.4506| 9.7698| 0.6808

    5.7460|13.5470|
    4.0754|12.8566|13.1574|12.0653| 1.0921

    5.4413|15.7692|17.1128|14.6100| 2.5028

    5.5562|18.2178|19.9649|16.8481| 3.1169

    5.3606| 8.6459| 8.8125| 8.3969| 0.4156

    5.4878|19.3061|20.5510|17.7900| 2.7610

    5.4506|15.9637|17.3379|14.7904| 2.5475

    5.3469|15.1136|16.2848|14.0276| 2.2572

    5.3853|11.4309|11.8302|10.9011| 0.9290

    5.4252|15.2700|16.4371|14.1837| 2.2534

    5.5345|17.0110|18.5666|15.7525| 2.8141

    5.1826|16.1373|17.6728|14.9055| 2.7673

    5.0907|17.3425|18.8956|16.0787| 2.8169

    5.5292|17.1026|18.7394|15.8368| 2.9026

    5.6252|15.3033|16.6184|14.1594| 2.4590

    5.5090|11.8771|12.3301|11.2924| 1.0377

    5.3375|16.1912|17.6890|14.9764| 2.7127

    5.3597| 9.7418| 9.9929| 9.3717| 0.6211

    5.3096|12.4523|12.9711|11.7996| 1.1715

    5.3235|10.1624|10.4388| 9.7631| 0.6757

    5.1995|18.2774|20.0336|16.9239| 3.1098

    5.2862|12.8466|13.4430|12.1273| 1.3157

    5.4345|11.1684|11.5435|10.6712| 0.8723

    5.1555| 9.4507| 9.6760| 9.1098| 0.5662

    5.5021|15.1955|16.3251|14.1196| 2.2054

    5.3632|14.4976|15.4681|13.5213| 1.9468

    5.2133|10.5451|10.8518|10.1023| 0.7495

    5.4897|15.9184|15.8328|14.5560| 1.2768

    5.4587|16.8285|18.3812|15.5685| 2.8127

    5.5389|13.7966|14.6106|12.9194| 1.6912

    4.9765|17.6654|19.2932|16.3609| 2.9323

    5.2937| 6.2512| 6.3559| 6.1305| 0.2254

    5.3848|19.3078|20.9343|17.8475| 3.0867

    5.6084|13.3949|14.1567|12.5455| 1.6112

    5.4164|11.3752|11.8613|10.7705| 1.0908

    5.3145|17.7779|19.4709|16.4581| 3.0128

    5.6777|17.3207|18.8674|16.0245| 2.8429

    5.3556| 9.9825|10.2515| 9.5888| 0.6628

    5.2798|18.1987|20.0901|16.8247| 3.2654

    5.4479|12.5283|13.0730|11.8222| 1.2507

    5.2872| 7.4995| 7.5921| 7.3894| 0.2027

    5.4575|11.9087|12.3592|11.3229| 1.0363

    5.4021|16.6526|18.1581|15.4193| 2.7388

    5.2573|15.0317|16.1336|13.9854| 2.1481

    5.1903|18.1893|19.5241|16.7534| 2.7707

    5.4098|16.1557|17.5585|14.9836| 2.5749

    5.5215|12.1804|12.6686|11.5566| 1.1120

    5.8482|18.4114|20.0826|17.0371| 3.0455

    5.3982| 8.9449| 9.1392| 8.6607| 0.4785

    5.4299| 9.4332| 9.7105| 9.0316| 0.6789

    5.3171|10.5886|10.8964|10.1415| 0.7550

    5.5016|17.6875|19.4675|16.3865| 3.0810

    5.3150|13.0963|13.7508|12.3337| 1.4171

    5.4808|11.4350|11.8416|10.9032| 0.9383

    5.3357|10.8034|11.2074|10.2661| 0.9412

    5.4601|12.1226|12.6179|11.4986| 1.1193

    5.4082|17.8874|
    4.8246|17.6977|18.8522|15.8171| 3.0351

    5.4365|10.0420|10.3164| 9.6421| 0.6743

    5.4051|13.4446|14.1616|12.6361| 1.5255

    5.2497|17.1875|18.8306|15.9280| 2.9026

    5.3013| 6.7268| 6.8337| 6.5834| 0.2503

    5.4382|15.4895|16.8365|14.3291| 2.5074

    5.3333|16.9115|18.5239|15.6520| 2.8719

    5.3732|15.0785|16.2194|14.0162| 2.2031

    5.2298| 7.6168| 7.7307| 7.4561| 0.2746

    5.3751|10.5175|10.8949|10.0027| 0.8922

    5.3403|14.5937|15.5862|13.6082| 1.9780

    5.0367|18.5270|20.3437|17.1711| 3.1727

    5.3236|14.0063|14.8605|13.1054| 1.7551

    5.3134|16.1276|17.5920|14.9221| 2.6700

    5.4780|18.8716|20.4199|17.4742| 2.9456

    5.2887|12.2839|12.7827|11.6538| 1.1289

    5.1118|18.1504|19.8162|16.8382| 2.9780

    5.3762|13.6367|14.3959|12.7957| 1.6002

    5.8004|17.3803|19.0148|16.0721| 2.9428

    5.4333|10.8961|11.2459|10.4168| 0.8291

    5.4673|15.9972|17.4122|14.8086| 2.6037

    5.5161|16.8872|18.6211|15.5846| 3.0364

    5.3549|15.5916|16.8440|14.4696| 2.3744

    5.4139|18.2787|
    5.5071|16.5739|17.9183|15.1877| 2.7306

    5.6533|16.0118|17.5873|14.7595| 2.8278

    5.3809|17.4539|19.2910|16.1324| 3.1586

    5.1144|16.2789|17.7351|15.0753| 2.6598

    5.1186|16.9157|18.4980|15.6746| 2.8234

    5.2142|17.1066|18.9019|15.7974| 3.1045

    5.7803|19.5504|21.0235|18.0733| 2.9501

    5.2802|11.9794|12.4336|11.3867| 1.0469

    5.4666|17.6722|19.4427|16.3781| 3.0646

    5.3988|10.1118|10.3868| 9.7098| 0.6770

    5.4168|17.6817|17.4573|17.7477|-0.2904

    5.2896|15.0402|16.1409|13.9947| 2.1462

    5.3116| 9.2720| 9.4984| 8.9399| 0.5585

    5.3160|10.6110|10.9818|10.1026| 0.8792

    5.3582|13.1613|13.8171|12.3965| 1.4206

    5.3424|17.5113|19.1574|16.2403| 2.9170

    5.5107|17.5430|19.2311|16.2247| 3.0065

    5.0937|19.0341|20.4264|17.5442| 2.8822

    5.1553|17.1319|18.7185|15.8848| 2.8337

    5.3374|10.3273|10.6459| 9.8741| 0.7718

    5.4362|11.3111|11.7046|10.7940| 0.9107

    5.4010| 7.9117| 8.0291| 7.7429| 0.2862

    5.2452|11.8021|12.2310|11.2337| 0.9972

    5.3758|16.7272|18.2860|15.4905| 2.7955

    5.1709|16.5869|18.1265|15.3572| 2.7693

    5.4260|18.4126|18.2763|18.3001|-0.0238

    5.4402|16.1859|17.7016|14.9705| 2.7311

    5.4840|15.1635|16.3265|14.0887| 2.2378

    5.4925|15.9052|17.4271|14.7021| 2.7250

    5.0817|11.3102|11.6839|10.8136| 0.8702

    5.5605|15.0807|16.2262|14.0122| 2.2140

    5.3922|14.5106|15.5002|13.5243| 1.9760

    5.2897|13.2668|13.9384|12.4766| 1.4617

    5.5370|17.9491|19.5559|16.6427| 2.9132

    5.5282|15.1039|16.2338|14.0422| 2.1916

    5.3965|11.5032|11.8988|10.9713| 0.9274

    5.2704|14.3454|15.2308|13.3707| 1.8601

    5.5611|18.8004|20.7342|17.4176| 3.3165

    5.2795|17.2127|18.8066|15.9556| 2.8510

    5.4950|14.2878|15.2274|13.3335| 1.8939

    5.2813|13.6993|14.4884|12.8407| 1.6477

    5.1867|16.0996|17.5984|14.8593| 2.7390

    5.7042|18.9649|20.5384|17.5542| 2.9842

    4.9692|18.9970|20.7861|17.5991| 3.1869

    5.3018|17.0484|18.6215|15.8137| 2.8078

    5.3622|12.6084|13.1753|11.9176| 1.2577

    5.1391|18.2012|19.9322|16.8668| 3.0654

    5.0987|17.8800|19.6814|16.5484| 3.1330

    5.1361| 9.5784| 9.8137| 9.2258| 0.5879

    5.4956| 8.2761| 8.3911| 8.1031| 0.2880

    5.3473|17.3763|19.0221|16.0994| 2.9227

    5.2727|10.5789|10.8901|10.1320| 0.7581

    5.3903|17.4904|18.9825|16.2181| 2.7645

    5.4173|11.5089|11.9150|10.9695| 0.9455

    5.3199|18.1707|19.9733|16.8393| 3.1341

    5.3561|16.8577|18.4219|15.6006| 2.8214

    5.0720|16.3533|17.8715|15.1343| 2.7372

    5.3126|15.2536|16.4247|14.1686| 2.2561

    5.5113|18.6279|20.3701|17.2013| 3.1687

    5.3451|16.2770|17.6998|15.0876| 2.6121

    5.6910|16.7863|18.3625|15.5342| 2.8283
   20.5122|

    5.3835|15.4783|16.6837|14.3756| 2.3081

    5.0668|19.0972|20.4656|17.6561| 2.8094

    5.0484|18.3721|20.0545|17.0173| 3.0371

    5.4293|17.7451|19.4659|16.4324| 3.0336

    5.5652|16.5696|18.0874|15.3477| 2.7397

    5.3327|17.4716|19.1429|16.1907| 2.9523

    5.4831|18.2296|19.9992|16.8933| 3.1059

    5.2088|16.3541|17.8084|15.1604| 2.6480

    5.3650|13.7099|14.4946|12.8518| 1.6427

    5.3859|18.0234|19.8293|16.6967| 3.1326

    5.4365|18.2280|19.8321|16.8620| 2.9701

    5.0944|17.5640|19.1815|16.2745| 2.9070

    5.2845|13.9100|14.9182|12.9151| 2.0031

    5.3977| 9.2260| 9.4424| 8.9018| 0.5406

    5.3518| 8.7473| 8.9167| 8.4899| 0.4268

    5.2244|15.3867|16.8365|14.1865| 2.6500

    5.2065| 6.5818| 6.6094| 6.5828| 0.0266

    5.4608|16.9582|18.6389|15.6317| 3.0072

    5.3617|16.7644|18.3626|15.5168| 2.8458

    5.4025|15.6543|16.8989|14.5341| 2.3648

    5.3301|13.9479|14.7794|13.0552| 1.7243

    5.5084|10.3508|10.6472| 9.9205| 0.7267

    5.7957|18.4312|20.1277|17.0783| 3.0494

    5.3675|15.1561|16.2888|14.0942| 2.1946

    5.4114|11.8205|12.2689|11.2405| 1.0284

    5.3893| 8.4666| 8.6304| 8.2171| 0.4133

    5.1459|16.4785|18.0524|15.2049| 2.8476

    5.5249|18.5196|20.3818|17.1424| 3.2394

    5.3010|17.5499|19.4331|16.2165| 3.2165

    5.3269|14.4386|15.3937|13.4720| 1.9217

    5.4170| 9.9566|10.2284| 9.5658| 0.6627

    5.4886| 9.7720|10.0224| 9.4004| 0.6220

    5.3646|16.3582|17.7945|15.1717| 2.6228

    5.3943|16.5768|18.0220|15.3768| 2.6452

    5.4399|18.7986|20.5173|17.3846| 3.1327

    5.7461|14.7801|15.8541|13.7458| 2.1083

    5.1257|17.3845|19.0382|16.1046| 2.9336

    5.4319| 6.6460| 7.1487| 6.0394| 1.1093

    5.2914|11.8303|12.3646|11.1702| 1.1944

    5.6100|19.7145|21.4015|18.2068| 3.1947

    5.6062|12.0923|12.5787|11.4719| 1.1068

    5.3754|17.4112|19.1180|16.1254| 2.9927

    5.4027|16.7855|18.4901|15.4669| 3.0232

    5.3655|12.9487|13.5645|12.2158| 1.3487

    5.3052|13.2352|13.9141|12.4475| 1.4666

    5.8196|17.8835|17.7870|17.9547|-0.1677

    5.4320|11.2590|11.6412|10.7447| 0.8964

    5.4190|13.7468|14.5401|12.8834| 1.6567

    5.3277|13.2064|13.8814|12.4270| 1.4544

    5.5061|15.7234|17.2001|14.5156| 2.6845

    5.4317|16.6070|17.9925|15.3490| 2.6435

    5.3162| 6.1357| 6.6367| 5.5319| 1.1048

    5.5915|19.1169|20.7120|17.6883| 3.0237

    5.3839|16.7283|18.2929|15.4822| 2.8107

    5.3534|13.4855|14.2290|12.6570| 1.5720

    5.4517|12.1560|12.6518|11.5210| 1.1308

    5.1079|17.3749|19.0552|16.0814| 2.9738

    5.3516|11.5984|11.9999|11.0619| 0.9379

    5.3891|13.8384|14.6577|12.9586| 1.6991

    5.2861|11.7213|12.1410|11.1624| 0.9786

    5.2352|18.7107|20.6645|17.2707| 3.3938

    5.2294|15.1863|16.3272|14.1186| 2.2085

    5.1183|17.1637|18.7529|15.8954| 2.8575

    5.3291|17.4468|19.0813|16.1622| 2.9191

    5.5500|17.6238|19.3250|16.2841| 3.0409

    5.7353|17.8310|19.5048|16.5356| 2.9692

    5.3477|16.7334|18.4121|15.4520| 2.9601

    5.5158|17.9634|19.7086|16.6252| 3.0834

    5.5541|12.8507|13.4635|12.1227| 1.3408

    5.7292|18.5914|20.4239|17.2214| 3.2024

    5.3737|16.1457|17.5522|14.9605| 2.5916

    5.3336|17.1364|18.8345|15.8505| 2.9839

    5.7662|17.6065|19.3453|16.3007| 3.0446

    5.5482|18.2781|19.9069|16.9292| 2.9777

    5.0928|17.1594|18.8168|15.8862| 2.9306

    5.4704|15.4089|16.8291|14.2281| 2.6010

    5.3396|18.2538|18.2034|18.2828|-0.0794

    5.3306|14.6122|15.6438|13.6017| 2.0421

    5.4920|11.2607|11.6422|10.7522| 0.8901

    5.6755|19.1877|20.9344|17.7152| 3.2192

    5.3196|12.6379|13.1976|11.9533| 1.2443

    5.4834|14.9948|16.1460|13.9204| 2.2256

    5.3919|16.8434|18.5036|15.5779| 2.9258

    5.5211|16.0303|17.3979|14.8621| 2.5358

    5.3186|18.5040|20.1657|17.1461| 3.0196

    5.5306|14.7156|15.7506|13.7011| 2.0494

    5.2447|19.8464|21.1906|18.3030| 2.8876

    5.3093|18.1850|19.9210|16.8399| 3.0811

    5.3113|15.8612|17.1690|14.7172| 2.4518

    5.5034|17.6839|19.4279|16.3732| 3.0547

    5.3639|10.2462|10.6058| 9.7499| 0.8559

    5.4938|11.0359|11.3915|10.5519| 0.8395

    5.3209|15.8973|17.4183|14.6789| 2.7394

    5.6208|17.6938|19.7215|16.3125| 3.4090

    5.4500|18.4336|20.1719|17.0593| 3.1125

    5.0681|17.7165|19.5062|16.3867| 3.1196

    5.3811|19.7236|21.1873|18.1487| 3.0387

    5.4434|18.3184|19.9947|16.9818| 3.0130

    5.4733| 9.7479| 9.9987| 9.3772| 0.6214

    5.5659|18.0450|19.5373|16.7094| 2.8279

    5.3812|17.9476|19.7566|16.5866| 3.1700

